11196
17530
13438
31360
3437
7918
14031
21711
2888
12060
31846
17689
1884
13498
24716
6341
17065
7088
23194
20443
24757
11948
21449
22433
3178
11250
22557
27854
31389
24596
23566
19011
31303
28500
1417
30359
25283
3976
10951
10271
3723
2325
306
520
31358
2008
6676
15758
16452
23203
1192
24919
21145
19626
27952
9380
3210
20177
5363
26628
7271
21947
27600
23305
17681
401
31104
294
28351
32366
29682
18640
3349
3442
29778
29493
2062
5863
22908
9048
31003
3567
6707
17386
26428
13436
16173
23670
27749
32157
32246
22640
14687
12439
7392
29432
31948
18594
4996
27763
12180
17661
23901
8650
2906
24830
18505
25583
390
14346
8422
618
4709
24855
14563
20475
2206
28495
18965
10967
14210
15992
19496
5258
32742
31652
31707
29373
2303
14510
12159
29365
22954
25091
14781
20976
31914
10242
19894
32538
9765
26730
14440
18849
30724
28119
23751
9797
2021
21644
26666
21985
11802
21990
6029
22573
12606
25701
19623
7517
23586
23889
32004
11079
32039
14415
29109
24417
10061
26866
10040
10002
11152
19651
18262
2568
21042
421
10681
23789
29419
24670
5153
15011
24685
12076
6305
31640
30491
17710
24512
26914
14582
19560
16992
15012
4854
3390
29767
31140
26324
5869
7221
27116
5534
27237
11495
24249
18713
11919
17687
7426
12439
7498
30725
14315
13700
16100
9507
13249
21845
12066
31778
14159
22627
13911
30249
32273
4375
23703
4841
11397
2233
546
24123
18632
4552
15519
16497
8010
21812
9513
29900
10538
30484
17740
13602
4166
9562
2301
14319
20762
20900
1711
28551
19762
13243
2150
13472
7430
12839
22736
28108
27797
27373
8174
20397
6747
31990
14406
10151
22437
5932
485
26451
31427
13582
16925
1372
24581
2556
16457
9091
7686
23200
12668
28948
27523
10336
11272
1540
9763
7674
24947
31071
2914
28638
10197
16147
14622
14914
28705
22823
12967
17741
32202
12745
8546
28114
8266
10738
10522
10102
2522
3923
19227
2749
22994
10450
8349
30037
25929
22290
31658
29974
8683
31067
26317
18119
31260
24880
27806
5353
7223
7005
18408
32165
31446
5805
29825
1195
9326
30958
2381
29656
8578
7061
2276
24333
31019
17642
5317
26671
4783
29344
15017
19758
15797
22945
9832
9092
29969
892
28654
19522
18197
31092
20807
18666
16556
12456
14081
27346
22431
20248
648
31374
18552
916
12732
29989
634
14976
26239
21136
6554
9901
19899
1996
2749
7120
17184
18094
27835
3198
25017
1491
7384
28028
8582
18950
28976
14113
1624
10818
7061
2787
948
20436
2843
16389
13715
31226
18080
31959
12471
6069
13647
8026
7021
16944
8172
4795
30997
2823
7611
3343
32586
30300
21971
22495
17384
2049
17444
17121
4309
24442
27881
23587
18331
25120
31329
9242
30393
5735
7791
22673
27832
24044
23771
24604
30673
25265
32642
2822
29966
4642
12974
29318
6213
2218
10844
14404
12487
8263
13538
11912
10942
31256
26319
26869
19873
23098
23542
8728
6126
15847
15026
20489
21247
7746
11318
19776
31645
13246
19099
10706
26579
4424
15415
32428
1667
22074
18953
15565
24550
11223
29057
7275
32034
30843
7703
14412
22958
32204
12104
30156
27063
18509
26506
28544
30038
6950
10995
3561
2414
20531
5393
11308
14087
1390
8572
12183
2530
1965
11092
20585
25554
8084
289
29657
21755
29167
19075
3397
19426
3254
13394
7891
24704
9368
18416
8356
4702
10767
25803
6646
8722
2252
13396
21380
15985
10783
6672
17929
8187
20183
14827
12587
11117
20059
23177
31622
21640
22491
16912
26684
25876
15805
7792
9137
4298
2886
26743
1033
4042
24277
13730
28908
13243
23903
15352
21233
26913
8606
19917
8984
22396
11752
1515
15458
25991
16064
3172
18593
1618
11010
13411
29168
28574
2766
8709
10905
29892
18855
17611
2740
26859
23080
14183
8442
8272
1133
25223
16340
18465
6326
4086
7115
30339
27840
24509
8067
8331
11161
9296
15617
18089
8629
7011
16390
3513
16026
9388
14254
22967
9170
1980
8744
7281
28960
4299
21974
29839
7354
17543
17722
3714
10449
31040
13184
25931
30821
30902
11515
24277
10379
6863
21790
224
10872
23830
4468
7086
30179
18901
27699
21768
21398
24659
8633
14009
28146
32208
11157
31959
17613
16970
9935
5901
6467
21259
16186
12580
27489
22240
14710
13116
27840
3129
18884
5747
2480
13473
529
23244
23767
17655
27281
31836
6736
22969
11272
32454
13477
31566
5882
18804
7634
25836
26154
28149
18065
3887
494
21234
15530
2204
25560
21300
20009
4791
1630
10538
21010
19535
31180
5874
13717
8838
17090
1951
11403
6795
28235
13354
27694
25519
15065
19788
23322
11262
30170
29989
32524
15278
28670
19756
19769
7955
21878
21781
6910
20739
18475
20603
3834
27080
28548
30839
7317
17034
19561
16638
598
7946
31466
23282
32391
4178
10622
23405
28258
22564
27923
11706
23417
6553
23596
8963
14703
23993
27873
24533
29200
11774
16489
19251
12435
24549
26002
5525
9394
31591
32224
11238
16228
24087
24131
11017
10260
23164
21698
17834
16994
1752
5846
2438
24881
1382
14043
9605
1933
3693
5474
23709
11944
16405
24518
26368
3166
14371
11347
13692
13924
2388
16143
18956
31523
21819
27607
16205
30526
25726
10625
5687
13053
15777
20005
14459
22090
15000
5524
25764
29877
18241
13727
7438
19951
16891
352
7789
11861
27650
6151
18239
13684
29090
6459
14472
5639
30884
10899
28027
31709
4700
370
6517
32697
5967
4264
16734
15302
30353
20286
4818
19768
14344
18325
11327
32757
21695
6650
18760
13545
23554
13934
17496
17559
19444
15568
12796
17258
4774
3838
6333
17338
3365
6429
32368
7670
24267
9369
2017
25751
13395
29089
21872
20376
19068
26045
10153
25965
7316
31907
31397
5294
25694
3992
25482
9927
272
5349
1056
5537
19756
20160
31766
23638
18508
7002
25055
11597
18885
23701
5497
3125
18695
9058
9073
5879
27205
6298
32438
1722
23323
2362
4675
3359
18361
3704
13317
1486
17777
11772
17546
6654
9589
18929
6231
9933
10289
22924
11187
14279
7548
30785
17475
18477
24341
32604
7261
28931
7416
6149
4351
8977
20772
26648
7511
26318
9951
6231
5813
914
4734
21902
32680
14158
3955
29254
32369
31678
21319
9115
19452
25913
8946
31768
19266
20546
28087
16212
22254
18033
27627
14773
15260
19153
5645
31100
29141
6419
77
175
12200
28136
21872
22589
24675
21914
15089
18797
27559
31744
7521
6066
29309
9898
31289
28094
11201
15516
20096
22656
25712
16732
16605
5258
4433
32322
25972
22226
16847
13007
2809
12668
5982
26855
25629
31551
1863
922
6700
2616
1922
10350
30147
30844
26408
4863
25389
20649
24506
23218
819
18447
9577
22854
20995
27696
25987
20498
9766
10164
14578
26618
27866
5931
19699
4573
2905
14605
17061
5852
7836
27074
30210
7899
29940
26350
19373
30407
23759
28265
29579
1298
2150
8580
11244
18354
12446
3023
25330
22206
6239
22605
20934
24559
3811
2314
16750
19268
7985
7774
29985
1964
21509
14820
32702
19479
22291
16946
16069
14277
16511
30943
15377
11973
3723
2426
26481
27513
29398
6274
12597
25113
1455
29698
27979
7888
17223
2875
2776
13436
32421
17528
27803
29813
24177
6516
26342
9211
31570
25705
29377
15099
23342
27615
19675
30923
7446
21290
6078
28229
8626
413
10426
30627
7706
32204
32144
10003
28408
12545
31871
8841
31171
3919
26773
16259
23431
14214
28231
14009
31738
14179
3415
9428
269
15702
8426
1251
3346
29235
6801
27821
5587
30483
9373
20447
3556
29848
9997
8701
17611
10472
18103
14720
9033
21530
21395
12541
28249
19858
20304
13015
291
32485
7879
21772
22252
23887
11365
30772
16722
8560
2050
24830
2421
2490
25788
20081
5974
17644
14031
1676
10055
18165
18315
8236
31089
2234
16177
27964
12309
20493
17013
20796
31942
31297
1568
24617
32334
3672
25759
10511
21513
23624
16853
22519
29073
13766
9323
16182
13555
32439
18759
986
14577
6168
29348
14975
12484
24487
2103
1998
20940
30278
2599
14241
26271
1198
26607
10923
32274
7542
32269
13581
3558
8692
23462
15243
29285
1161
625
27863
26775
25359
10200
1555
5400
30840
26458
27613
6559
28191
3310
8564
4430
25515
9036
30533
56
11638
31489
19745
26740
27397
25511
2384
9194
31091
4591
1333
10287
18230
31425
12724
29895
31631
2299
17091
18982
25313
31353
26769
15721
30301
385
28364
22223
21854
23483
11861
10611
30357
27966
8676
20759
27520
28709
21648
29762
25779
18735
27900
18742
14979
7039
20627
15022
9525
30350
5530
362
4476
14432
32612
7792
6844
30155
15247
18568
881
6236
5547
13235
29260
32344
4620
7648
3245
23590
25169
26376
28312
29988
27389
9519
4023
22130
13324
11996
18093
23589
20351
15498
18062
26100
