5315
10640
25170
30564
29595
27356
11811
5230
26722
5375
6482
23625
17652
30421
15078
1593
16499
25070
641
28457
10097
10198
4567
24648
12579
29558
23324
19191
24023
4138
597
25343
19690
26315
23273
11782
14582
25504
26230
523
26462
30587
23955
9454
23982
27270
25168
15257
29874
29191
19684
20780
30418
295
17955
25924
228
19786
26372
4568
21063
29945
17151
4346
15924
26087
25352
27331
19576
8315
14400
17054
19331
18332
11135
25680
26734
15178
6588
11739
24593
10421
24166
10372
11293
17790
7570
8683
2533
16122
19557
8770
24457
28336
9336
30826
20131
27173
31111
25552
10581
26689
9019
14318
5783
16895
4762
3837
21913
32705
6212
28256
30815
13126
20979
14910
17157
11740
30931
5571
21370
5369
30613
30245
15083
26489
28097
14794
9690
19748
15829
3994
6584
20760
20860
26790
17998
28431
2942
8972
4407
1204
28479
24762
9552
19771
1829
15426
23711
2616
5156
4551
28139
32051
17483
14507
1785
25989
11627
32423
4645
21560
21405
30925
2842
29282
4440
21942
15592
24961
29947
14107
21379
17654
1037
11212
7510
19951
13985
15626
8680
7245
17801
30374
24812
26474
3132
21831
30048
6766
25574
12394
9156
14445
10238
23783
29897
194
23890
2360
2516
3365
13996
335
12095
6970
19113
14822
27435
10232
17308
25604
27873
31522
14004
11795
5831
900
7743
24969
17561
22117
19753
25533
19626
32100
20310
20253
19542
27134
31141
27014
605
21578
1569
9802
25018
7871
24706
18355
607
29201
3954
12114
23703
30240
3766
19538
10638
22490
27702
31098
31129
29306
29459
21560
23180
16252
18114
11727
8442
3791
11813
5182
23035
10669
14249
21862
30004
30117
20048
7811
29252
28111
5165
581
22979
17998
22562
19316
29268
23286
9671
1252
29678
23482
28646
11732
6023
26740
21048
19721
23724
5438
22672
26090
10863
675
8943
22857
19270
4868
8112
10161
10691
32154
29443
17561
6391
27272
21116
21099
29792
6612
10381
30319
7011
4386
22008
30095
23119
8582
17526
14944
11965
30636
6955
25129
19649
14411
26442
29260
29041
31123
32174
20093
30522
17677
8644
8751
458
32298
20592
16227
19600
9235
13385
20131
25451
22201
13447
17749
4405
938
24822
24566
26396
24423
15902
8525
8769
30185
21362
503
10797
30181
11827
24505
16946
5558
32493
20059
31552
8794
7694
108
28661
32414
23928
6543
22744
700
8744
6685
1914
11431
10126
32565
12095
7431
4729
5133
5910
5126
14154
24550
5174
12558
25129
3851
18178
9993
24880
12761
25452
25655
5943
27181
523
29286
18320
6962
13187
3193
26114
18364
21127
7528
28522
26304
26164
98
21748
10438
13713
3575
31676
25168
8414
11457
24630
11532
19177
10516
12431
11683
28558
12292
12581
28778
26594
11842
8945
24852
15851
13626
11198
15264
12612
30250
975
8408
5014
10548
28270
7350
19105
16514
19416
14536
6419
2970
28939
32713
15263
26305
19905
11664
29189
26695
25164
32269
9377
26529
20553
15183
30856
2110
26603
19766
27663
4194
16543
11456
6328
32609
27851
11463
30057
3935
29062
18234
22100
20642
671
21401
6221
10151
3295
13577
7171
13566
25104
23647
32181
19275
23597
17482
8702
22827
21845
26512
30613
7488
2227
16167
26614
2349
10644
21901
26437
428
5030
19551
7755
6108
16245
27297
12772
4730
12992
797
16996
1066
13899
17845
14161
22637
125
17287
11673
13559
28512
22431
20653
23526
1909
25386
8763
4100
6509
31022
2165
22309
6383
11747
12990
6444
15625
15744
31528
22278
31637
12889
10091
5819
1298
12602
31223
9255
12701
25422
18184
960
4271
7738
5378
28919
1452
9110
735
9393
32430
8706
31756
20857
4865
28829
6141
4984
19771
11984
31869
14010
8163
4642
8710
22426
9908
20898
14527
24823
17414
8470
29675
8594
32254
20752
15640
19209
9188
4037
2937
2376
9505
15119
3225
16758
31290
21182
27856
27737
8550
24625
1012
16442
31740
4744
30748
9252
27257
8550
21974
6332
1768
14535
13012
11085
30641
23867
6792
6048
22972
6654
15618
29475
23451
23235
4554
6917
10266
28390
26527
20801
9294
17150
29725
24600
1677
19816
9083
25347
1302
5384
27896
21892
10214
5011
15765
14245
27561
24863
5899
287
28618
31394
23912
30991
4198
24117
17592
13932
11492
23995
29214
17616
29825
11323
24385
30459
32649
10027
13174
24566
20031
19569
13354
3744
18812
6329
27198
12465
1191
16476
32755
30152
31024
6894
15771
26049
7060
16901
31792
29246
28710
370
10726
30394
30548
31285
26848
7999
2280
27055
14383
23520
28093
24253
32109
14146
4191
5644
4828
25024
23589
16610
23961
17576
15303
23897
17291
285
18528
29133
32463
5581
6503
5001
20604
8819
1722
19473
18296
24614
10007
6270
10378
7198
19893
20452
22420
25749
7992
22014
20176
22202
31901
22629
4657
29133
2193
11416
26028
13268
25614
30527
8753
24138
29666
21626
20173
10053
30119
31196
10597
29624
22256
25104
23342
23436
30445
27648
19859
4654
2106
28883
25545
16092
4069
12316
26464
19020
5746
26377
17009
20580
43
10045
24266
18326
1343
11236
21671
16885
4602
24410
20424
11491
15799
25697
26836
28788
2381
24513
8894
18047
27560
3134
23598
1921
17379
17187
28834
24948
18446
19430
4535
17273
5330
12340
17284
20524
11580
29968
10767
730
23956
22697
31085
795
2783
31701
10065
4380
4525
15161
21802
29680
21337
11426
6784
30927
12829
14810
16491
22141
1679
29203
26251
25858
15295
9265
23853
3660
28473
25606
32305
29909
8067
30721
21759
23407
6521
4122
16957
22400
23909
22355
20162
25164
12791
7216
27132
15502
17719
16104
20038
3302
28733
29622
26524
6628
30596
9180
5047
11397
1835
28046
12075
25658
23690
11593
20274
1469
27948
15704
31741
26089
31457
2258
24279
17153
7595
30015
16999
16892
23934
21740
9626
18285
8725
23908
11738
7010
7170
6298
23663
11652
30148
29464
32075
6390
28893
2552
19680
19438
20821
284
7379
9297
1616
11660
4680
29557
11930
20499
21014
26890
26396
4076
2850
5532
2363
16508
12701
30983
22570
26854
1349
7476
28055
31160
28442
15138
31735
24975
16217
2860
19536
27693
20898
13497
3512
24695
30920
23399
8693
6819
29610
18951
21708
24875
29791
24490
12877
2385
28288
28112
8047
24693
