<<<<<<< HEAD
7267
11027
28709
11905
18078
23398
9958
24205
31581
12719
23490
8028
1883
29469
955
1471
30709
31531
28872
6603
3820
14747
8844
9782
10637
3708
7050
3701
19505
15268
15990
28018
25845
17643
14109
31339
5937
6226
16360
20090
13815
3706
832
48
32289
12786
9112
3848
5252
28898
=======
14934
5176
29077
1289
9704
10463
25102
16927
11361
12710
12300
30981
29331
6714
23703
29828
3684
23992
5977
22440
30364
6654
599
9322
26841
5683
28608
24137
11416
13295
19032
28252
23610
5042
16457
12787
31364
32559
8390
21646
22902
26396
25837
8163
31521
21598
27804
10179
31017
12706
16507
19799
5621
7746
5502
11586
23651
32349
6619
13815
2927
13553
15483
19866
27634
2624
6419
25207
5879
18106
24000
31962
2596
25534
3665
8448
21677
20711
14377
6294
21700
19980
19636
6044
21036
4494
24208
28980
25774
13861
29118
20301
4787
29630
31030
8682
20478
24228
11954
24532
>>>>>>> f8334f9670641954d3fb511a2c243216d301f556
