<<<<<<< HEAD
16827
23732
24285
3813
23857
27656
2472
2667
32705
26047
3435
29551
15539
19250
25298
30955
11428
31850
6770
21634
22197
15495
20711
8477
10100
17255
12433
9882
26282
24882
12267
30126
2220
30755
17510
14438
25616
3621
18617
30797
7385
3392
2922
25996
28970
14929
22822
22103
3219
10677
=======
19932
15882
8650
31469
30560
29631
9651
7455
5374
28392
22089
23611
19631
5271
24727
23873
32463
31730
27546
19569
8548
23873
4859
15784
31254
16961
17341
15459
12833
13853
19232
18319
11257
30161
28799
17439
1210
2374
30683
30258
31228
13129
3835
7898
32148
8593
17149
3657
27201
29469
4199
24079
27305
15316
16953
2017
30071
8123
11949
3668
32405
9781
209
29201
5688
2926
1049
23435
14774
31593
27250
13384
1
7745
1625
4352
28265
23675
21139
25044
24899
14517
15164
8900
19329
10875
7967
26938
5463
10607
26076
8817
25660
20935
11556
28350
10761
4439
16114
21206
>>>>>>> f8334f9670641954d3fb511a2c243216d301f556
